#! /usr/local/bin/octave
# create cell array
A10s = cell(1,50);
A10s{1} = [
	0, 1, 0, 1, 1, 0, 0, 0, 1, 1;
	1, 0, 0, 1, 1, 1, 0, 0, 1, 0;
	0, 0, 0, 1, 1, 1, 1, 0, 1, 0;
	1, 1, 1, 0, 1, 0, 1, 1, 1, 1;
	1, 1, 1, 1, 0, 1, 1, 0, 1, 0;
	0, 1, 1, 0, 1, 0, 1, 0, 1, 0;
	0, 0, 1, 1, 1, 1, 0, 0, 0, 0;
	0, 0, 0, 1, 0, 0, 0, 0, 1, 1;
	1, 1, 1, 1, 1, 1, 0, 1, 0, 1;
	1, 0, 0, 1, 0, 0, 0, 1, 1, 0;
]

A10s{2} = [
	0, 1, 0, 1, 1, 1, 0, 1, 1, 0;
	1, 0, 1, 1, 1, 1, 0, 1, 1, 0;
	0, 1, 0, 0, 0, 0, 0, 0, 0, 0;
	1, 1, 0, 0, 1, 1, 1, 1, 1, 1;
	1, 1, 0, 1, 0, 0, 0, 0, 1, 0;
	1, 1, 0, 1, 0, 0, 1, 1, 0, 1;
	0, 0, 0, 1, 0, 1, 0, 1, 0, 1;
	1, 1, 0, 1, 0, 1, 1, 0, 0, 1;
	1, 1, 0, 1, 1, 0, 0, 0, 0, 0;
	0, 0, 0, 1, 0, 1, 1, 1, 0, 0;
]

A10s{3} = [
	0, 0, 0, 0, 1, 0, 1, 0, 1, 0;
	0, 0, 1, 1, 0, 0, 0, 0, 1, 0;
	0, 1, 0, 1, 0, 0, 0, 1, 0, 0;
	0, 1, 1, 0, 0, 0, 0, 0, 0, 0;
	1, 0, 0, 0, 0, 1, 1, 0, 0, 1;
	0, 0, 0, 0, 1, 0, 1, 0, 0, 1;
	1, 0, 0, 0, 1, 1, 0, 0, 1, 1;
	0, 0, 1, 0, 0, 0, 0, 0, 0, 0;
	1, 1, 0, 0, 0, 0, 1, 0, 0, 0;
	0, 0, 0, 0, 1, 1, 1, 0, 0, 0;
]

A10s{4} = [
	0, 1, 0, 1, 0, 1, 0, 1, 0, 0;
	1, 0, 1, 0, 0, 1, 1, 0, 0, 0;
	0, 1, 0, 0, 0, 0, 0, 0, 0, 0;
	1, 0, 0, 0, 1, 1, 1, 1, 0, 1;
	0, 0, 0, 1, 0, 0, 0, 1, 1, 0;
	1, 1, 0, 1, 0, 0, 1, 0, 0, 1;
	0, 1, 0, 1, 0, 1, 0, 0, 0, 1;
	1, 0, 0, 1, 1, 0, 0, 0, 1, 1;
	0, 0, 0, 0, 1, 0, 0, 1, 0, 0;
	0, 0, 0, 1, 0, 1, 1, 1, 0, 0;
]

A10s{5} = [
	0, 1, 1, 0, 0, 1, 1, 1, 0, 1;
	1, 0, 0, 1, 1, 1, 1, 0, 0, 0;
	1, 0, 0, 0, 0, 0, 1, 1, 0, 1;
	0, 1, 0, 0, 0, 1, 1, 1, 1, 1;
	0, 1, 0, 0, 0, 0, 0, 0, 0, 0;
	1, 1, 0, 1, 0, 0, 1, 1, 0, 1;
	1, 1, 1, 1, 0, 1, 0, 1, 0, 1;
	1, 0, 1, 1, 0, 1, 1, 0, 1, 1;
	0, 0, 0, 1, 0, 0, 0, 1, 0, 0;
	1, 0, 1, 1, 0, 1, 1, 1, 0, 0;
]

A10s{6} = [
	0, 1, 1, 0, 1, 0, 1, 1, 1, 0;
	1, 0, 1, 1, 0, 1, 0, 0, 1, 0;
	1, 1, 0, 1, 0, 1, 0, 0, 1, 0;
	0, 1, 1, 0, 1, 0, 1, 0, 1, 0;
	1, 0, 0, 1, 0, 0, 1, 0, 1, 1;
	0, 1, 1, 0, 0, 0, 0, 0, 0, 0;
	1, 0, 0, 1, 1, 0, 0, 0, 1, 1;
	1, 0, 0, 0, 0, 0, 0, 0, 0, 0;
	1, 1, 1, 1, 1, 0, 1, 0, 0, 0;
	0, 0, 0, 0, 1, 0, 1, 0, 0, 0;
]

A10s{7} = [
	0, 0, 0, 1, 1, 1, 1, 0, 1, 1;
	0, 0, 1, 0, 1, 1, 0, 0, 0, 1;
	0, 1, 0, 1, 0, 0, 0, 0, 0, 1;
	1, 0, 1, 0, 1, 1, 0, 1, 0, 1;
	1, 1, 0, 1, 0, 1, 1, 0, 1, 1;
	1, 1, 0, 1, 1, 0, 1, 0, 0, 1;
	1, 0, 0, 0, 1, 1, 0, 0, 0, 1;
	0, 0, 0, 1, 0, 0, 0, 0, 1, 0;
	1, 0, 0, 0, 1, 0, 0, 1, 0, 0;
	1, 1, 1, 1, 1, 1, 1, 0, 0, 0;
]

A10s{8} = [
	0, 1, 1, 1, 1, 0, 1, 1, 0, 1;
	1, 0, 0, 1, 0, 1, 0, 1, 0, 1;
	1, 0, 0, 0, 0, 0, 0, 0, 0, 1;
	1, 1, 0, 0, 0, 1, 0, 1, 0, 1;
	1, 0, 0, 0, 0, 0, 0, 1, 1, 0;
	0, 1, 0, 1, 0, 0, 0, 1, 0, 0;
	1, 0, 0, 0, 0, 0, 0, 0, 0, 1;
	1, 1, 0, 1, 1, 1, 0, 0, 0, 1;
	0, 0, 0, 0, 1, 0, 0, 0, 0, 0;
	1, 1, 1, 1, 0, 0, 1, 1, 0, 0;
]

A10s{9} = [
	0, 1, 1, 1, 0, 0, 0, 1, 0, 1;
	1, 0, 1, 1, 1, 1, 0, 1, 0, 0;
	1, 1, 0, 0, 0, 0, 0, 1, 1, 0;
	1, 1, 0, 0, 1, 1, 0, 1, 0, 0;
	0, 1, 0, 1, 0, 1, 1, 1, 0, 0;
	0, 1, 0, 1, 1, 0, 0, 1, 0, 0;
	0, 0, 0, 0, 1, 0, 0, 0, 0, 0;
	1, 1, 1, 1, 1, 1, 0, 0, 0, 0;
	0, 0, 1, 0, 0, 0, 0, 0, 0, 1;
	1, 0, 0, 0, 0, 0, 0, 0, 1, 0;
]

A10s{10} = [
	0, 1, 0, 0, 1, 1, 1, 0, 1, 1;
	1, 0, 0, 0, 0, 0, 0, 0, 1, 0;
	0, 0, 0, 1, 1, 0, 0, 0, 0, 1;
	0, 0, 1, 0, 0, 0, 0, 0, 0, 0;
	1, 0, 1, 0, 0, 0, 1, 0, 0, 1;
	1, 0, 0, 0, 0, 0, 1, 1, 1, 1;
	1, 0, 0, 0, 1, 1, 0, 1, 1, 1;
	0, 0, 0, 0, 0, 1, 1, 0, 0, 1;
	1, 1, 0, 0, 0, 1, 1, 0, 0, 0;
	1, 0, 1, 0, 1, 1, 1, 1, 0, 0;
]

A10s{11} = [
	0, 1, 0, 0, 1, 0, 1, 1, 1, 1;
	1, 0, 1, 0, 1, 1, 0, 0, 0, 1;
	0, 1, 0, 1, 1, 0, 0, 0, 1, 1;
	0, 0, 1, 0, 0, 0, 0, 0, 1, 1;
	1, 1, 1, 0, 0, 1, 0, 0, 0, 1;
	0, 1, 0, 0, 1, 0, 0, 0, 0, 0;
	1, 0, 0, 0, 0, 0, 0, 1, 0, 0;
	1, 0, 0, 0, 0, 0, 1, 0, 0, 0;
	1, 0, 1, 1, 0, 0, 0, 0, 0, 1;
	1, 1, 1, 1, 1, 0, 0, 0, 1, 0;
]

A10s{12} = [
	0, 1, 1, 1, 1, 1, 0, 0, 0, 0;
	1, 0, 1, 1, 1, 1, 0, 1, 1, 1;
	1, 1, 0, 0, 0, 1, 0, 0, 0, 1;
	1, 1, 0, 0, 1, 1, 1, 1, 1, 0;
	1, 1, 0, 1, 0, 1, 1, 1, 1, 1;
	1, 1, 1, 1, 1, 0, 0, 0, 0, 0;
	0, 0, 0, 1, 1, 0, 0, 1, 0, 0;
	0, 1, 0, 1, 1, 0, 1, 0, 1, 0;
	0, 1, 0, 1, 1, 0, 0, 1, 0, 1;
	0, 1, 1, 0, 1, 0, 0, 0, 1, 0;
]

A10s{13} = [
	0, 1, 1, 0, 1, 1, 1, 0, 1, 1;
	1, 0, 1, 1, 1, 0, 1, 1, 1, 0;
	1, 1, 0, 1, 0, 0, 1, 1, 1, 0;
	0, 1, 1, 0, 1, 0, 1, 0, 0, 0;
	1, 1, 0, 1, 0, 0, 0, 0, 0, 0;
	1, 0, 0, 0, 0, 0, 1, 0, 1, 1;
	1, 1, 1, 1, 0, 1, 0, 1, 1, 0;
	0, 1, 1, 0, 0, 0, 1, 0, 1, 0;
	1, 1, 1, 0, 0, 1, 1, 1, 0, 0;
	1, 0, 0, 0, 0, 1, 0, 0, 0, 0;
]

A10s{14} = [
	0, 1, 1, 0, 0, 0, 0, 1, 1, 1;
	1, 0, 0, 0, 0, 0, 0, 0, 1, 1;
	1, 0, 0, 1, 0, 1, 0, 1, 0, 1;
	0, 0, 1, 0, 1, 1, 1, 0, 0, 0;
	0, 0, 0, 1, 0, 1, 0, 0, 0, 0;
	0, 0, 1, 1, 1, 0, 0, 1, 0, 1;
	0, 0, 0, 1, 0, 0, 0, 1, 0, 0;
	1, 0, 1, 0, 0, 1, 1, 0, 0, 0;
	1, 1, 0, 0, 0, 0, 0, 0, 0, 1;
	1, 1, 1, 0, 0, 1, 0, 0, 1, 0;
]

A10s{15} = [
	0, 1, 1, 1, 0, 0, 1, 0, 1, 1;
	1, 0, 1, 1, 0, 0, 0, 0, 0, 1;
	1, 1, 0, 1, 1, 0, 0, 0, 0, 0;
	1, 1, 1, 0, 0, 0, 0, 0, 0, 1;
	0, 0, 1, 0, 0, 1, 0, 1, 0, 0;
	0, 0, 0, 0, 1, 0, 0, 1, 0, 0;
	1, 0, 0, 0, 0, 0, 0, 0, 1, 0;
	0, 0, 0, 0, 1, 1, 0, 0, 0, 0;
	1, 0, 0, 0, 0, 0, 1, 0, 0, 0;
	1, 1, 0, 1, 0, 0, 0, 0, 0, 0;
]

A10s{16} = [
	0, 1, 0, 1, 1, 1, 0, 0, 0, 1;
	1, 0, 1, 1, 0, 1, 0, 1, 1, 1;
	0, 1, 0, 0, 0, 0, 1, 0, 0, 1;
	1, 1, 0, 0, 1, 1, 0, 1, 0, 1;
	1, 0, 0, 1, 0, 1, 0, 1, 1, 0;
	1, 1, 0, 1, 1, 0, 0, 0, 0, 1;
	0, 0, 1, 0, 0, 0, 0, 0, 0, 0;
	0, 1, 0, 1, 1, 0, 0, 0, 1, 1;
	0, 1, 0, 0, 1, 0, 0, 1, 0, 1;
	1, 1, 1, 1, 0, 1, 0, 1, 1, 0;
]

A10s{17} = [
	0, 1, 1, 1, 1, 0, 1, 0, 1, 0;
	1, 0, 0, 0, 0, 0, 0, 0, 1, 0;
	1, 0, 0, 0, 0, 0, 1, 0, 1, 0;
	1, 0, 0, 0, 1, 1, 0, 1, 1, 1;
	1, 0, 0, 1, 0, 1, 0, 1, 0, 1;
	0, 0, 0, 1, 1, 0, 0, 1, 0, 1;
	1, 0, 1, 0, 0, 0, 0, 0, 1, 0;
	0, 0, 0, 1, 1, 1, 0, 0, 0, 1;
	1, 1, 1, 1, 0, 0, 1, 0, 0, 0;
	0, 0, 0, 1, 1, 1, 0, 1, 0, 0;
]

A10s{18} = [
	0, 1, 1, 1, 0, 0, 0, 1, 0, 1;
	1, 0, 1, 1, 1, 1, 0, 0, 1, 1;
	1, 1, 0, 1, 0, 1, 0, 1, 1, 0;
	1, 1, 1, 0, 1, 1, 0, 1, 0, 1;
	0, 1, 0, 1, 0, 1, 1, 0, 1, 1;
	0, 1, 1, 1, 1, 0, 0, 0, 1, 0;
	0, 0, 0, 0, 1, 0, 0, 0, 1, 0;
	1, 0, 1, 1, 0, 0, 0, 0, 0, 1;
	0, 1, 1, 0, 1, 1, 1, 0, 0, 0;
	1, 1, 0, 1, 1, 0, 0, 1, 0, 0;
]

A10s{19} = [
	0, 1, 1, 0, 1, 1, 0, 1, 0, 0;
	1, 0, 1, 0, 1, 1, 0, 0, 0, 1;
	1, 1, 0, 1, 1, 0, 1, 0, 0, 0;
	0, 0, 1, 0, 1, 0, 0, 0, 0, 0;
	1, 1, 1, 1, 0, 0, 1, 0, 1, 0;
	1, 1, 0, 0, 0, 0, 0, 1, 0, 1;
	0, 0, 1, 0, 1, 0, 0, 0, 1, 0;
	1, 0, 0, 0, 0, 1, 0, 0, 0, 1;
	0, 0, 0, 0, 1, 0, 1, 0, 0, 0;
	0, 1, 0, 0, 0, 1, 0, 1, 0, 0;
]

A10s{20} = [
	0, 1, 0, 0, 1, 0, 0, 0, 0, 1;
	1, 0, 0, 1, 0, 0, 1, 1, 1, 1;
	0, 0, 0, 0, 1, 1, 0, 0, 0, 1;
	0, 1, 0, 0, 0, 0, 1, 0, 1, 0;
	1, 0, 1, 0, 0, 0, 0, 0, 0, 1;
	0, 0, 1, 0, 0, 0, 0, 1, 0, 1;
	0, 1, 0, 1, 0, 0, 0, 0, 1, 0;
	0, 1, 0, 0, 0, 1, 0, 0, 0, 1;
	0, 1, 0, 1, 0, 0, 1, 0, 0, 0;
	1, 1, 1, 0, 1, 1, 0, 1, 0, 0;
]

A10s{21} = [
	0, 1, 1, 0, 1, 1, 0, 0, 1, 1;
	1, 0, 1, 0, 1, 1, 1, 1, 0, 0;
	1, 1, 0, 1, 1, 0, 0, 0, 0, 1;
	0, 0, 1, 0, 0, 0, 0, 0, 0, 1;
	1, 1, 1, 0, 0, 1, 1, 1, 1, 1;
	1, 1, 0, 0, 1, 0, 0, 1, 1, 1;
	0, 1, 0, 0, 1, 0, 0, 1, 1, 0;
	0, 1, 0, 0, 1, 1, 1, 0, 1, 0;
	1, 0, 0, 0, 1, 1, 1, 1, 0, 0;
	1, 0, 1, 1, 1, 1, 0, 0, 0, 0;
]

A10s{22} = [
	0, 1, 1, 0, 0, 1, 1, 1, 0, 1;
	1, 0, 0, 0, 1, 1, 1, 0, 0, 0;
	1, 0, 0, 1, 0, 0, 1, 1, 0, 1;
	0, 0, 1, 0, 0, 0, 1, 1, 1, 1;
	0, 1, 0, 0, 0, 1, 0, 0, 0, 0;
	1, 1, 0, 0, 1, 0, 0, 0, 0, 0;
	1, 1, 1, 1, 0, 0, 0, 1, 0, 1;
	1, 0, 1, 1, 0, 0, 1, 0, 0, 1;
	0, 0, 0, 1, 0, 0, 0, 0, 0, 1;
	1, 0, 1, 1, 0, 0, 1, 1, 1, 0;
]

A10s{23} = [
	0, 1, 1, 1, 0, 0, 1, 0, 0, 1;
	1, 0, 0, 0, 1, 1, 1, 1, 1, 1;
	1, 0, 0, 1, 0, 0, 1, 0, 1, 1;
	1, 0, 1, 0, 0, 0, 1, 0, 1, 1;
	0, 1, 0, 0, 0, 1, 0, 0, 0, 0;
	0, 1, 0, 0, 1, 0, 0, 1, 0, 0;
	1, 1, 1, 1, 0, 0, 0, 0, 0, 1;
	0, 1, 0, 0, 0, 1, 0, 0, 0, 1;
	0, 1, 1, 1, 0, 0, 0, 0, 0, 1;
	1, 1, 1, 1, 0, 0, 1, 1, 1, 0;
]

A10s{24} = [
	0, 1, 1, 0, 1, 1, 1, 0, 0, 1;
	1, 0, 0, 0, 0, 1, 0, 0, 0, 1;
	1, 0, 0, 1, 0, 0, 0, 1, 0, 1;
	0, 0, 1, 0, 0, 0, 0, 1, 0, 1;
	1, 0, 0, 0, 0, 1, 1, 0, 1, 1;
	1, 1, 0, 0, 1, 0, 1, 0, 1, 0;
	1, 0, 0, 0, 1, 1, 0, 0, 1, 1;
	0, 0, 1, 1, 0, 0, 0, 0, 0, 0;
	0, 0, 0, 0, 1, 1, 1, 0, 0, 0;
	1, 1, 1, 1, 1, 0, 1, 0, 0, 0;
]

