# Created by Octave 3.8.2, Wed Nov 11 10:49:47 2015 EST <jacopo@MacBook.zyxel.com>
# name: A10s
# type: cell
# rows: 1
# columns: 50
# name: <cell-element>
# type: matrix
# rows: 10
# columns: 10
 0 1 0 1 1 0 0 0 1 1
 1 0 0 1 1 1 0 0 1 0
 0 0 0 1 1 1 1 0 1 0
 1 1 1 0 1 0 1 1 1 1
 1 1 1 1 0 1 1 0 1 0
 0 1 1 0 1 0 1 0 1 0
 0 0 1 1 1 1 0 0 0 0
 0 0 0 1 0 0 0 0 1 1
 1 1 1 1 1 1 0 1 0 1
 1 0 0 1 0 0 0 1 1 0



# name: <cell-element>
# type: matrix
# rows: 10
# columns: 10
 0 1 0 1 1 1 0 1 1 0
 1 0 1 1 1 1 0 1 1 0
 0 1 0 0 0 0 0 0 0 0
 1 1 0 0 1 1 1 1 1 1
 1 1 0 1 0 0 0 0 1 0
 1 1 0 1 0 0 1 1 0 1
 0 0 0 1 0 1 0 1 0 1
 1 1 0 1 0 1 1 0 0 1
 1 1 0 1 1 0 0 0 0 0
 0 0 0 1 0 1 1 1 0 0



# name: <cell-element>
# type: matrix
# rows: 10
# columns: 10
 0 0 0 0 1 0 1 0 1 0
 0 0 1 1 0 0 0 0 1 0
 0 1 0 1 0 0 0 1 0 0
 0 1 1 0 0 0 0 0 0 0
 1 0 0 0 0 1 1 0 0 1
 0 0 0 0 1 0 1 0 0 1
 1 0 0 0 1 1 0 0 1 1
 0 0 1 0 0 0 0 0 0 0
 1 1 0 0 0 0 1 0 0 0
 0 0 0 0 1 1 1 0 0 0



# name: <cell-element>
# type: matrix
# rows: 10
# columns: 10
 0 1 0 1 0 1 0 1 0 0
 1 0 1 0 0 1 1 0 0 0
 0 1 0 0 0 0 0 0 0 0
 1 0 0 0 1 1 1 1 0 1
 0 0 0 1 0 0 0 1 1 0
 1 1 0 1 0 0 1 0 0 1
 0 1 0 1 0 1 0 0 0 1
 1 0 0 1 1 0 0 0 1 1
 0 0 0 0 1 0 0 1 0 0
 0 0 0 1 0 1 1 1 0 0



# name: <cell-element>
# type: matrix
# rows: 10
# columns: 10
 0 1 1 0 0 1 1 1 0 1
 1 0 0 1 1 1 1 0 0 0
 1 0 0 0 0 0 1 1 0 1
 0 1 0 0 0 1 1 1 1 1
 0 1 0 0 0 0 0 0 0 0
 1 1 0 1 0 0 1 1 0 1
 1 1 1 1 0 1 0 1 0 1
 1 0 1 1 0 1 1 0 1 1
 0 0 0 1 0 0 0 1 0 0
 1 0 1 1 0 1 1 1 0 0



# name: <cell-element>
# type: matrix
# rows: 10
# columns: 10
 0 1 1 0 1 0 1 1 1 0
 1 0 1 1 0 1 0 0 1 0
 1 1 0 1 0 1 0 0 1 0
 0 1 1 0 1 0 1 0 1 0
 1 0 0 1 0 0 1 0 1 1
 0 1 1 0 0 0 0 0 0 0
 1 0 0 1 1 0 0 0 1 1
 1 0 0 0 0 0 0 0 0 0
 1 1 1 1 1 0 1 0 0 0
 0 0 0 0 1 0 1 0 0 0



# name: <cell-element>
# type: matrix
# rows: 10
# columns: 10
 0 0 0 1 1 1 1 0 1 1
 0 0 1 0 1 1 0 0 0 1
 0 1 0 1 0 0 0 0 0 1
 1 0 1 0 1 1 0 1 0 1
 1 1 0 1 0 1 1 0 1 1
 1 1 0 1 1 0 1 0 0 1
 1 0 0 0 1 1 0 0 0 1
 0 0 0 1 0 0 0 0 1 0
 1 0 0 0 1 0 0 1 0 0
 1 1 1 1 1 1 1 0 0 0



# name: <cell-element>
# type: matrix
# rows: 10
# columns: 10
 0 1 1 1 1 0 1 1 0 1
 1 0 0 1 0 1 0 1 0 1
 1 0 0 0 0 0 0 0 0 1
 1 1 0 0 0 1 0 1 0 1
 1 0 0 0 0 0 0 1 1 0
 0 1 0 1 0 0 0 1 0 0
 1 0 0 0 0 0 0 0 0 1
 1 1 0 1 1 1 0 0 0 1
 0 0 0 0 1 0 0 0 0 0
 1 1 1 1 0 0 1 1 0 0



# name: <cell-element>
# type: matrix
# rows: 10
# columns: 10
 0 1 1 1 0 0 0 1 0 1
 1 0 1 1 1 1 0 1 0 0
 1 1 0 0 0 0 0 1 1 0
 1 1 0 0 1 1 0 1 0 0
 0 1 0 1 0 1 1 1 0 0
 0 1 0 1 1 0 0 1 0 0
 0 0 0 0 1 0 0 0 0 0
 1 1 1 1 1 1 0 0 0 0
 0 0 1 0 0 0 0 0 0 1
 1 0 0 0 0 0 0 0 1 0



# name: <cell-element>
# type: matrix
# rows: 10
# columns: 10
 0 1 0 0 1 1 1 0 1 1
 1 0 0 0 0 0 0 0 1 0
 0 0 0 1 1 0 0 0 0 1
 0 0 1 0 0 0 0 0 0 0
 1 0 1 0 0 0 1 0 0 1
 1 0 0 0 0 0 1 1 1 1
 1 0 0 0 1 1 0 1 1 1
 0 0 0 0 0 1 1 0 0 1
 1 1 0 0 0 1 1 0 0 0
 1 0 1 0 1 1 1 1 0 0



# name: <cell-element>
# type: matrix
# rows: 10
# columns: 10
 0 1 0 0 1 0 1 1 1 1
 1 0 1 0 1 1 0 0 0 1
 0 1 0 1 1 0 0 0 1 1
 0 0 1 0 0 0 0 0 1 1
 1 1 1 0 0 1 0 0 0 1
 0 1 0 0 1 0 0 0 0 0
 1 0 0 0 0 0 0 1 0 0
 1 0 0 0 0 0 1 0 0 0
 1 0 1 1 0 0 0 0 0 1
 1 1 1 1 1 0 0 0 1 0



# name: <cell-element>
# type: matrix
# rows: 10
# columns: 10
 0 1 1 1 1 1 0 0 0 0
 1 0 1 1 1 1 0 1 1 1
 1 1 0 0 0 1 0 0 0 1
 1 1 0 0 1 1 1 1 1 0
 1 1 0 1 0 1 1 1 1 1
 1 1 1 1 1 0 0 0 0 0
 0 0 0 1 1 0 0 1 0 0
 0 1 0 1 1 0 1 0 1 0
 0 1 0 1 1 0 0 1 0 1
 0 1 1 0 1 0 0 0 1 0



# name: <cell-element>
# type: matrix
# rows: 10
# columns: 10
 0 1 1 0 1 1 1 0 1 1
 1 0 1 1 1 0 1 1 1 0
 1 1 0 1 0 0 1 1 1 0
 0 1 1 0 1 0 1 0 0 0
 1 1 0 1 0 0 0 0 0 0
 1 0 0 0 0 0 1 0 1 1
 1 1 1 1 0 1 0 1 1 0
 0 1 1 0 0 0 1 0 1 0
 1 1 1 0 0 1 1 1 0 0
 1 0 0 0 0 1 0 0 0 0



# name: <cell-element>
# type: matrix
# rows: 10
# columns: 10
 0 1 1 0 0 0 0 1 1 1
 1 0 0 0 0 0 0 0 1 1
 1 0 0 1 0 1 0 1 0 1
 0 0 1 0 1 1 1 0 0 0
 0 0 0 1 0 1 0 0 0 0
 0 0 1 1 1 0 0 1 0 1
 0 0 0 1 0 0 0 1 0 0
 1 0 1 0 0 1 1 0 0 0
 1 1 0 0 0 0 0 0 0 1
 1 1 1 0 0 1 0 0 1 0



# name: <cell-element>
# type: matrix
# rows: 10
# columns: 10
 0 1 1 1 0 0 1 0 1 1
 1 0 1 1 0 0 0 0 0 1
 1 1 0 1 1 0 0 0 0 0
 1 1 1 0 0 0 0 0 0 1
 0 0 1 0 0 1 0 1 0 0
 0 0 0 0 1 0 0 1 0 0
 1 0 0 0 0 0 0 0 1 0
 0 0 0 0 1 1 0 0 0 0
 1 0 0 0 0 0 1 0 0 0
 1 1 0 1 0 0 0 0 0 0



# name: <cell-element>
# type: matrix
# rows: 10
# columns: 10
 0 1 0 1 1 1 0 0 0 1
 1 0 1 1 0 1 0 1 1 1
 0 1 0 0 0 0 1 0 0 1
 1 1 0 0 1 1 0 1 0 1
 1 0 0 1 0 1 0 1 1 0
 1 1 0 1 1 0 0 0 0 1
 0 0 1 0 0 0 0 0 0 0
 0 1 0 1 1 0 0 0 1 1
 0 1 0 0 1 0 0 1 0 1
 1 1 1 1 0 1 0 1 1 0



# name: <cell-element>
# type: matrix
# rows: 10
# columns: 10
 0 1 1 1 1 0 1 0 1 0
 1 0 0 0 0 0 0 0 1 0
 1 0 0 0 0 0 1 0 1 0
 1 0 0 0 1 1 0 1 1 1
 1 0 0 1 0 1 0 1 0 1
 0 0 0 1 1 0 0 1 0 1
 1 0 1 0 0 0 0 0 1 0
 0 0 0 1 1 1 0 0 0 1
 1 1 1 1 0 0 1 0 0 0
 0 0 0 1 1 1 0 1 0 0



# name: <cell-element>
# type: matrix
# rows: 10
# columns: 10
 0 1 1 1 0 0 0 1 0 1
 1 0 1 1 1 1 0 0 1 1
 1 1 0 1 0 1 0 1 1 0
 1 1 1 0 1 1 0 1 0 1
 0 1 0 1 0 1 1 0 1 1
 0 1 1 1 1 0 0 0 1 0
 0 0 0 0 1 0 0 0 1 0
 1 0 1 1 0 0 0 0 0 1
 0 1 1 0 1 1 1 0 0 0
 1 1 0 1 1 0 0 1 0 0



# name: <cell-element>
# type: matrix
# rows: 10
# columns: 10
 0 1 1 0 1 1 0 1 0 0
 1 0 1 0 1 1 0 0 0 1
 1 1 0 1 1 0 1 0 0 0
 0 0 1 0 1 0 0 0 0 0
 1 1 1 1 0 0 1 0 1 0
 1 1 0 0 0 0 0 1 0 1
 0 0 1 0 1 0 0 0 1 0
 1 0 0 0 0 1 0 0 0 1
 0 0 0 0 1 0 1 0 0 0
 0 1 0 0 0 1 0 1 0 0



# name: <cell-element>
# type: matrix
# rows: 10
# columns: 10
 0 1 0 0 1 0 0 0 0 1
 1 0 0 1 0 0 1 1 1 1
 0 0 0 0 1 1 0 0 0 1
 0 1 0 0 0 0 1 0 1 0
 1 0 1 0 0 0 0 0 0 1
 0 0 1 0 0 0 0 1 0 1
 0 1 0 1 0 0 0 0 1 0
 0 1 0 0 0 1 0 0 0 1
 0 1 0 1 0 0 1 0 0 0
 1 1 1 0 1 1 0 1 0 0



# name: <cell-element>
# type: matrix
# rows: 10
# columns: 10
 0 1 1 0 1 1 0 0 1 1
 1 0 1 0 1 1 1 1 0 0
 1 1 0 1 1 0 0 0 0 1
 0 0 1 0 0 0 0 0 0 1
 1 1 1 0 0 1 1 1 1 1
 1 1 0 0 1 0 0 1 1 1
 0 1 0 0 1 0 0 1 1 0
 0 1 0 0 1 1 1 0 1 0
 1 0 0 0 1 1 1 1 0 0
 1 0 1 1 1 1 0 0 0 0



# name: <cell-element>
# type: matrix
# rows: 10
# columns: 10
 0 1 1 0 0 1 1 1 0 1
 1 0 0 0 1 1 1 0 0 0
 1 0 0 1 0 0 1 1 0 1
 0 0 1 0 0 0 1 1 1 1
 0 1 0 0 0 1 0 0 0 0
 1 1 0 0 1 0 0 0 0 0
 1 1 1 1 0 0 0 1 0 1
 1 0 1 1 0 0 1 0 0 1
 0 0 0 1 0 0 0 0 0 1
 1 0 1 1 0 0 1 1 1 0



# name: <cell-element>
# type: matrix
# rows: 10
# columns: 10
 0 1 1 1 0 0 1 0 0 1
 1 0 0 0 1 1 1 1 1 1
 1 0 0 1 0 0 1 0 1 1
 1 0 1 0 0 0 1 0 1 1
 0 1 0 0 0 1 0 0 0 0
 0 1 0 0 1 0 0 1 0 0
 1 1 1 1 0 0 0 0 0 1
 0 1 0 0 0 1 0 0 0 1
 0 1 1 1 0 0 0 0 0 1
 1 1 1 1 0 0 1 1 1 0



# name: <cell-element>
# type: matrix
# rows: 10
# columns: 10
 0 1 1 0 1 1 1 0 0 1
 1 0 0 0 0 1 0 0 0 1
 1 0 0 1 0 0 0 1 0 1
 0 0 1 0 0 0 0 1 0 1
 1 0 0 0 0 1 1 0 1 1
 1 1 0 0 1 0 1 0 1 0
 1 0 0 0 1 1 0 0 1 1
 0 0 1 1 0 0 0 0 0 0
 0 0 0 0 1 1 1 0 0 0
 1 1 1 1 1 0 1 0 0 0



# name: <cell-element>
# type: matrix
# rows: 10
# columns: 10
 0 1 1 1 1 1 0 0 1 1
 1 0 0 0 1 1 1 1 1 1
 1 0 0 1 1 1 0 0 0 1
 1 0 1 0 1 1 0 0 1 0
 1 1 1 1 0 0 1 0 0 1
 1 1 1 1 0 0 0 0 1 0
 0 1 0 0 1 0 0 1 0 1
 0 1 0 0 0 0 1 0 0 1
 1 1 0 1 0 1 0 0 0 0
 1 1 1 0 1 0 1 1 0 0



# name: <cell-element>
# type: matrix
# rows: 10
# columns: 10
 0 1 1 0 0 1 0 0 1 1
 1 0 1 1 0 0 0 0 1 0
 1 1 0 0 1 1 0 0 0 1
 0 1 0 0 0 0 0 0 0 0
 0 0 1 0 0 1 1 1 0 0
 1 0 1 0 1 0 0 1 0 1
 0 0 0 0 1 0 0 1 0 0
 0 0 0 0 1 1 1 0 0 0
 1 1 0 0 0 0 0 0 0 1
 1 0 1 0 0 1 0 0 1 0



# name: <cell-element>
# type: matrix
# rows: 10
# columns: 10
 0 1 1 1 0 1 1 0 0 1
 1 0 1 1 0 0 0 0 1 0
 1 1 0 1 1 0 1 1 0 0
 1 1 1 0 0 1 1 0 0 0
 0 0 1 0 0 0 1 1 1 0
 1 0 0 1 0 0 0 0 0 1
 1 0 1 1 1 0 0 1 0 0
 0 0 1 0 1 0 1 0 0 0
 0 1 0 0 1 0 0 0 0 0
 1 0 0 0 0 1 0 0 0 0



# name: <cell-element>
# type: matrix
# rows: 10
# columns: 10
 0 1 1 1 0 1 1 1 1 0
 1 0 0 1 0 1 1 0 0 0
 1 0 0 0 0 0 0 0 0 1
 1 1 0 0 0 1 0 0 1 0
 0 0 0 0 0 0 0 1 0 0
 1 1 0 1 0 0 0 0 1 0
 1 1 0 0 0 0 0 0 0 0
 1 0 0 0 1 0 0 0 0 0
 1 0 0 1 0 1 0 0 0 0
 0 0 1 0 0 0 0 0 0 0



